Estimates, standard errors and convergence t-ratios

                                   Estimate   Standard   Convergence 
                                                Error      t-ratio   

Rate parameters: 
  0.1      Rate parameter period 1 10.9976  ( 0.9999   )             
  0.2      Rate parameter period 2  9.0346  ( 0.8293   )             

Other parameters: 
   1. eval outdegree (density)     -3.0737  ( 0.1236   )    0.0044   
   2. eval reciprocity              2.2028  ( 0.1064   )   -0.0032   
   3. eval transitive triplets      0.6910  ( 0.0433   )   -0.0015   
   4. eval 3-cycles                -0.4726  ( 0.0878   )   -0.0127   
   5. eval indegree - popularity   -0.0804  ( 0.0200   )   -0.0082   
   6. eval logdist_cov             -0.1589  ( 0.0444   )    0.0517   
   7. eval gender_cov alter        -0.1475  ( 0.1016   )    0.0735   
   8. eval gender_cov ego           0.1258  ( 0.1044   )    0.0368   
   9. eval same gender_cov          0.9010  ( 0.0952   )    0.0072   
  10. eval alcohol_cov similarity   0.6310  ( 0.1653   )   -0.0160   

Overall maximum convergence ratio:    0.1407 


Total of 4236 iteration steps.

Covariance matrix of estimates (correlations below diagonal)

       0.015       -0.003        0.000        0.001       -0.002        0.000        0.001       -0.002       -0.008        0.000
      -0.210        0.011        0.002       -0.006        0.000        0.000       -0.001        0.000        0.000        0.000
      -0.032        0.370        0.002       -0.003        0.000        0.000        0.000        0.000        0.000        0.000
       0.120       -0.628       -0.784        0.008        0.000        0.000        0.000        0.001        0.000        0.000
      -0.615        0.020       -0.228        0.016        0.000        0.000        0.000        0.000        0.000        0.000
      -0.009       -0.007       -0.067        0.070        0.129        0.002        0.000        0.000        0.000       -0.001
       0.063       -0.054        0.016       -0.022        0.114       -0.032        0.010       -0.008       -0.002        0.000
      -0.123       -0.013       -0.056        0.063       -0.044        0.041       -0.753        0.011        0.002        0.000
      -0.660       -0.023       -0.063        0.036       -0.029       -0.029       -0.156        0.221        0.009        0.000
      -0.001        0.005        0.016       -0.027       -0.080       -0.080        0.028        0.000       -0.019        0.027

Derivative matrix of expected statistics X by parameters:

    1177.414      776.028     2584.860      702.677     9634.507     -203.604      -22.337       -9.488     1080.686       58.054
     439.670      509.671     1369.425      461.309     3793.052      -81.462        0.410       -3.216      411.194       23.608
    1927.078     1610.169     9195.787     2691.530    18832.967     -386.632       22.960       32.704     1742.449      103.321
     831.473      883.874     4312.408     1457.930     8276.682     -182.199       17.183        4.736      746.120       49.842
    5704.427     3842.953    15175.023     4137.393    52687.052    -1106.676     -193.135      -91.996     5225.431      291.410
    -193.628     -158.741     -592.073     -174.994    -1951.230      524.646        0.859       -2.977     -176.572        1.800
     -39.506       -5.338      -54.416       -6.430     -520.786       -2.299      273.164      231.744      -35.650       -4.486
      -9.320       -4.509       11.897        0.305     -222.770       -8.564      235.253      280.157      -29.168       -2.595
    1083.386      727.378     2357.149      633.258     8856.397     -178.998      -33.166      -35.954     1109.051       51.883
      65.705       48.436      181.334       52.064      565.819        1.010       -4.495       -3.584       57.441       40.936

Covariance matrix of X (correlations below diagonal):

    1490.321     1133.852     5028.045     1446.205    13458.663     -278.640       25.873       39.402     1363.675       75.031
       0.855     1179.637     4722.070     1511.869    10637.178     -231.759       29.555       19.684     1048.600       63.571
       0.751        0.793    30080.703     9209.733    53823.379    -1129.684      281.433      274.204     4397.800      287.426
       0.684        0.803        0.969     3002.800    15660.653     -330.557       95.605       75.732     1248.244       88.523
       0.951        0.845        0.847        0.780   134333.295    -2818.057       83.438      220.540    12184.261      673.419
      -0.318       -0.297       -0.287       -0.266       -0.339      515.862      -21.292      -17.626     -253.453        0.118
       0.036        0.047        0.088        0.095        0.012       -0.051      340.140      318.575       11.805        0.993
       0.054        0.030        0.083        0.073        0.032       -0.041        0.907      362.887       11.513        1.251
       0.956        0.827        0.687        0.617        0.900       -0.302        0.017        0.016     1364.056       62.440
       0.299        0.285        0.255        0.249        0.283        0.001        0.008        0.010        0.260       42.236
