Estimates, standard errors and convergence t-ratios

                                               Estimate   Standard   Convergence 
                                                            Error      t-ratio   
Network Dynamics 
   1. rate constant friendship rate (period 1) 10.9285  ( 0.9847   )    0.0201   
   2. rate constant friendship rate (period 2)  8.9557  ( 0.7653   )    0.0699   
   3. eval outdegree (density)                 -3.0903  ( 0.1332   )   -0.0331   
   4. eval reciprocity                          2.1777  ( 0.1058   )   -0.0151   
   5. eval transitive triplets                  0.6859  ( 0.0441   )   -0.0109   
   6. eval 3-cycles                            -0.4665  ( 0.0870   )   -0.0074   
   7. eval indegree - popularity               -0.0801  ( 0.0208   )   -0.0335   
   8. eval logdist_cov                         -0.1599  ( 0.0446   )    0.0601   
   9. eval gender_cov alter                    -0.1536  ( 0.1023   )    0.0039   
  10. eval gender_cov ego                       0.1267  ( 0.0979   )    0.0013   
  11. eval same gender_cov                      0.8920  ( 0.0945   )   -0.0362   
  12. eval alcohol similarity                   1.2245  ( 0.3669   )   -0.0432   

Behavior Dynamics
  13. rate rate alcohol (period 1)              1.5678  ( 0.2733   )    0.0119   
  14. rate rate alcohol (period 2)              2.1966  ( 0.3944   )   -0.0040   
  15. eval alcohol linear shape                 0.1430  ( 0.2558   )   -0.0209   
  16. eval alcohol quadratic shape             -0.4295  ( 0.1390   )   -0.0271   
  17. eval alcohol indegree                     0.0756  ( 0.0730   )   -0.0053   
  18. eval alcohol average alter                1.0430  ( 0.4301   )   -0.0102   

Overall maximum convergence ratio:    0.1474 


Total of 4982 iteration steps.

Covariance matrix of estimates (correlations below diagonal)

       0.970       -0.042        0.025        0.014        0.001       -0.006       -0.001        0.002        0.001        0.004       -0.014       -0.079       -0.014       -0.022       -0.001       -0.003        0.001        0.005
      -0.056        0.586        0.012       -0.002       -0.006        0.006        0.001       -0.001       -0.002       -0.002       -0.008       -0.038       -0.002        0.014       -0.005       -0.009        0.003        0.050
       0.188        0.118        0.018       -0.002        0.000        0.000       -0.002        0.000        0.000       -0.002       -0.008       -0.009       -0.001       -0.002       -0.001        0.000        0.000       -0.001
       0.137       -0.026       -0.119        0.011        0.002       -0.006        0.000        0.000        0.000        0.000       -0.001       -0.004       -0.002        0.001        0.001        0.001        0.000       -0.002
       0.024       -0.169        0.074        0.360        0.002       -0.003        0.000        0.000        0.000        0.000       -0.001       -0.001       -0.001        0.000        0.000        0.000        0.000       -0.001
      -0.071        0.088        0.011       -0.620       -0.772        0.008        0.000        0.000       -0.001        0.001        0.001        0.002        0.003        0.001        0.000        0.000        0.000        0.000
      -0.057        0.059       -0.674        0.029       -0.264        0.048        0.000        0.000        0.000        0.000        0.000        0.000        0.000        0.000        0.000        0.000        0.000        0.001
       0.042       -0.028       -0.032        0.038        0.025       -0.036        0.156        0.002        0.000        0.000        0.000       -0.001        0.000       -0.001        0.000        0.000        0.000       -0.001
       0.012       -0.019        0.033        0.023        0.032       -0.073        0.107        0.005        0.010       -0.007       -0.001        0.001       -0.001       -0.001       -0.002       -0.001        0.001        0.004
       0.041       -0.024       -0.121       -0.043       -0.078        0.102       -0.004       -0.032       -0.732        0.010        0.002        0.000       -0.001       -0.001        0.002        0.001        0.000       -0.002
      -0.155       -0.112       -0.671       -0.105       -0.148        0.119        0.080       -0.022       -0.135        0.183        0.009        0.002        0.002        0.001        0.001        0.001        0.000       -0.002
      -0.219       -0.134       -0.191       -0.109       -0.074        0.074       -0.033       -0.077        0.023        0.004        0.070        0.135        0.014        0.014       -0.002       -0.006        0.000        0.007
      -0.052       -0.007       -0.039       -0.083       -0.083        0.122       -0.024        0.006       -0.019       -0.053        0.090        0.143        0.075        0.020        0.000        0.005       -0.003       -0.016
      -0.057        0.048       -0.037        0.016       -0.003        0.022        0.002       -0.035       -0.021       -0.038        0.026        0.099        0.184        0.156        0.003        0.013       -0.007       -0.043
      -0.005       -0.026       -0.019        0.036       -0.036       -0.001        0.033        0.012       -0.066        0.061        0.022       -0.018        0.000        0.026        0.065        0.006       -0.017       -0.014
      -0.022       -0.083        0.013        0.048        0.041        0.012       -0.042        0.041       -0.101        0.059        0.054       -0.108        0.129        0.242        0.162        0.019       -0.004       -0.056
       0.018        0.053        0.028       -0.036        0.026       -0.020       -0.022       -0.008        0.068       -0.035       -0.037        0.004       -0.154       -0.249       -0.892       -0.407        0.005        0.012
       0.012        0.152       -0.014       -0.037       -0.072       -0.010        0.063       -0.040        0.087       -0.047       -0.045        0.046       -0.136       -0.253       -0.124       -0.933        0.384        0.185

Derivative matrix of expected statistics X by parameters:

      19.201        0.000       -1.193       -1.349       12.436        4.583       14.417        0.292       -1.154       -1.529       -0.622        0.450       -0.212        0.000       -0.349        0.617        0.723        0.050
       0.000       23.928       -0.284       -0.200       17.964        5.660       13.778        0.475        1.818        2.126        0.312       -0.439        0.000       -1.358       -0.998       -3.840       -4.873       -4.816
     162.011       97.508     1187.595      809.002     3009.835      844.393    10138.472     -207.049      -21.954       -4.623     1094.348       67.481        1.708        6.704       39.410       22.119      162.596       25.914
      12.393        3.572      443.758      518.773     1402.164      477.442     3868.367      -84.034       -3.190       -0.165      413.211       29.828        1.231        2.538       19.805        9.909       85.154       15.806
     234.063      152.215     1898.838     1632.913     9807.930     2903.308    19336.347     -421.411       12.683       32.704     1740.023      123.333        6.248        8.360       72.580       68.765      289.882       91.615
      53.018       38.319      822.127      887.947     4444.917     1509.196     8336.043     -183.280        8.551        2.261      745.021       58.682       -2.517        5.127       34.410       27.057      135.973       38.032
     852.790      477.876     5783.827     3980.617    17302.221     4823.601    55286.373    -1182.283     -209.189      -79.067     5307.206      332.366       17.618       26.300      221.422       89.657      982.424      114.028
     -47.821      -25.863     -233.786     -162.019     -745.144     -210.568    -2363.461      548.517        6.900        5.158     -209.902       -4.796       -1.267       -3.680      -18.649        9.338      -90.679        9.700
     -10.570      -11.456      -36.690       -7.480       20.936       19.852     -496.645        3.536      275.335      239.909      -38.578       -4.302        4.144        1.738       10.709       16.638       32.322       12.794
     -10.026       -4.590       -1.127        0.476       57.103       15.515     -169.822       -2.355      243.125      298.420      -23.342       -2.115        4.145        2.042        2.678        4.874        1.018        5.812
     165.283      105.626     1089.148      761.559     2744.209      764.026     9233.509     -188.239      -36.008      -33.870     1122.896       59.227       -2.469        4.681       32.123       22.081      133.220       24.423
      19.763       14.199       81.860       60.289      240.958       69.103      728.732       -8.018       -3.423       -2.079       73.954       22.658       -2.133       -2.434        1.163       19.072        4.999        7.166
       0.247        0.000        0.483        0.708        7.047       -0.305       15.601       -3.721        4.402        5.797       -2.015       -4.032       32.249        0.000       25.377        1.739       93.852        2.794
       0.000       -2.497       -0.696       -0.936       -4.607       -1.722      -14.461        2.885        3.076        3.395       -1.468       -1.996        0.000       26.538       23.787       10.635       91.376       14.200
     -10.014       -0.113       -9.544       -0.965       12.134        5.939      -51.299       -5.223        4.578        2.097       -8.618       -1.940       25.223       38.004      208.845       55.126      724.856       56.258
     -15.351      -40.271     -117.165      -62.694      -90.674      -18.455     -886.879       27.026        6.258       -1.213     -111.270        6.795        5.021        7.486        0.848      565.413       86.041      288.933
     -50.874      -10.024      -48.014       -9.987      -58.462       -8.818     -321.474      -11.190        4.412        0.287      -41.050       -6.124      101.531      158.469      767.092      249.106     3143.046      200.155
      -1.855      -15.450      -12.415        0.226       56.269       19.769      -82.577        6.234       -0.527       -0.931      -11.602        2.546       -1.722       -0.541      -23.638      163.195      -76.505      122.304

Covariance matrix of X (correlations below diagonal):

     377.517       -4.030      235.065      121.710      830.229      220.553     2437.333      -44.903       -0.412        0.378      213.873       16.163       -1.734       -0.836      -12.620      -39.659      -36.108      -18.117
      -0.011      331.388      150.353       62.432      478.613      141.952     1477.151      -39.759       -5.834        5.771      139.821        3.568        4.906       -8.398       -0.175      -32.790      -18.609      -35.287
       0.308        0.210     1547.126     1219.563     5779.010     1696.617    14506.955     -322.662       11.571       33.791     1423.075       84.910       15.050        9.638       53.960     -121.432      190.564       12.766
       0.176        0.096        0.870     1271.211     5341.934     1713.131    11699.549     -265.169       31.096       35.712     1129.454       77.652       12.401       10.371       52.178      -53.336      194.094       37.646
       0.227        0.140        0.782        0.797    35313.020    10782.184    63174.918    -1448.652      316.834      358.152     5123.016      372.442       63.639       34.199      211.606     -183.628      796.555      217.067
       0.193        0.132        0.732        0.816        0.974     3468.662    18585.885     -435.886      113.303      111.137     1492.325      116.089       17.223        9.278       62.234      -45.424      229.737       68.084
       0.325        0.210        0.955        0.849        0.870        0.817   149247.212    -3328.710        3.288      267.661    13203.494      805.886      157.274       71.770      523.412     -994.400     1955.495      108.291
      -0.097       -0.092       -0.346       -0.314       -0.325       -0.312       -0.363      562.120      -27.241      -31.974     -292.961       -4.686       -5.577       -1.063      -21.332       44.953      -80.118       11.260
      -0.001       -0.017        0.016        0.046        0.089        0.101        0.000       -0.061      360.164      339.703      -13.423       -0.160        2.555        4.912       19.845       22.658       52.646       15.655
       0.001        0.016        0.044        0.051        0.097        0.096        0.035       -0.069        0.911      386.354       -3.528        1.170        3.003        5.553       20.710       16.907       55.815       15.685
       0.291        0.203        0.958        0.839        0.722        0.671        0.905       -0.327       -0.019       -0.005     1426.728       74.154       11.683        6.527       48.733     -102.471      175.419       19.983
       0.124        0.029        0.322        0.325        0.296        0.294        0.312       -0.030       -0.001        0.009        0.293       44.817       -5.922       -6.027       -0.412       17.607       -1.823        9.366
      -0.011        0.033        0.047        0.043        0.042        0.036        0.050       -0.029        0.017        0.019        0.038       -0.109       66.071        0.162       49.723       10.949      181.740       -0.225
      -0.005       -0.051        0.027        0.032        0.020        0.017        0.021       -0.005        0.029        0.031        0.019       -0.100        0.002       81.150       65.634       36.424      254.840       31.087
      -0.036       -0.001        0.076        0.081        0.062        0.058        0.075       -0.050        0.058        0.058        0.071       -0.003        0.338        0.403      326.822       74.688     1161.274      100.727
      -0.074       -0.065       -0.112       -0.054       -0.036       -0.028       -0.094        0.069        0.043        0.031       -0.099        0.096        0.049        0.147        0.150      756.705      342.451      409.309
      -0.026       -0.014        0.068        0.076        0.059        0.054        0.071       -0.047        0.039        0.040        0.065       -0.004        0.312        0.395        0.896        0.174     5136.244      394.130
      -0.041       -0.086        0.014        0.047        0.051        0.051        0.012        0.021        0.037        0.035        0.023        0.062       -0.001        0.153        0.247        0.659        0.244      509.396
